NaN
0.1111111111111111
0.23076923076923078
0.05
0.045454545454545456
0.05555555555555555
0.041666666666666664
0.06666666666666667
0.1111111111111111
0.36363636363636365
0.13333333333333333
0.13043478260869565
0.06666666666666667
0.13333333333333333
0.05
0.045454545454545456
0.13043478260869565
0.1
0.09090909090909091
0.16666666666666666
0.07692307692307693
0.058823529411764705
0.058823529411764705
0.05
0.1
0.10526315789473684
0.16666666666666666
0.06666666666666667
0.14285714285714285
0.1111111111111111
0.17647058823529413
0.2222222222222222
0.06666666666666667
0.037037037037037035
0.05263157894736842
0.2608695652173913
0.038461538461538464
0.038461538461538464
0.14285714285714285
0.038461538461538464
0.038461538461538464
0.038461538461538464
0.07692307692307693
0.10526315789473684
0.13636363636363635
0.038461538461538464
0.14285714285714285
0.038461538461538464
0.038461538461538464
0.3684210526315789
0.047619047619047616
0.14285714285714285
0.16666666666666666
0.125
0.13043478260869565
0.08333333333333333
0.16666666666666666
0.0625
0.04
0.04
0.125
0.2
0.029411764705882353
0.045454545454545456
0.07142857142857142
0.06666666666666667
0.13043478260869565
0.04
0.0625
0.3333333333333333
0.043478260869565216
0.06666666666666667
0.09090909090909091
0.09090909090909091
0.16666666666666666
0.12
0.08333333333333333
0.1
0.25
0.034482758620689655
0.2857142857142857
0.1
0.05555555555555555
0.058823529411764705
0.05555555555555555
0.07142857142857142
0.0625
0.2
0.3333333333333333
0.058823529411764705
0.2
0.2
0.2
0.1
0.2
0.2
0.2
0.2
0.2
0.3333333333333333
0.2
0.045454545454545456
0.06666666666666667
0.2
0.2
0.2
0.2
0.06666666666666667
0.07407407407407407
0.038461538461538464
0.2
0.09090909090909091
0.2
0.2
0.1111111111111111
0.2
0.058823529411764705
0.05555555555555555
0.1
0.25
0.1111111111111111
0.041666666666666664
0.2
0.14285714285714285
0.15384615384615385
0.2
0.09090909090909091
0.12
0.07142857142857142
0.2
0.0625
0.1875
0.14285714285714285
0.06666666666666667
0.2
0.16666666666666666
0.2
0.2
0.08333333333333333
0.045454545454545456
0.1111111111111111
0.2
0.2
0.2
0.14285714285714285
0.2
0.5
0.35294117647058826
0.09523809523809523
0.05
0.045454545454545456
0.0625
0.09090909090909091
0.08333333333333333
0.7142857142857143
0.045454545454545456
0.2
0.1
0.06666666666666667
0.1
0.25
0.1111111111111111
0.2
0.14285714285714285
0.2
0.2777777777777778
0.058823529411764705
0.07692307692307693
0.2
0.25
0.1111111111111111
0.2
0.07142857142857142
0.09090909090909091
0.09090909090909091
0.08333333333333333
0.1875
0.1
0.08333333333333333
0.045454545454545456
0.05263157894736842
0.125
0.1
0.07692307692307693
0.09090909090909091
0.09090909090909091
0.07407407407407407
0.047619047619047616
0.06666666666666667
0.1
0.2
0.07692307692307693
0.06666666666666667
0.09090909090909091
0.1
0.2
0.15384615384615385
0.09090909090909091
0.09090909090909091
0.07692307692307693
0.1
0.07692307692307693
0.09090909090909091
0.21052631578947367
0.2
0.07692307692307693
0.058823529411764705
0.037037037037037035
0.1111111111111111
0.09090909090909091
0.16666666666666666
0.11764705882352941
0.21428571428571427
0.14285714285714285
0.16666666666666666
0.05555555555555555
0.125
0.125
0.06666666666666667
0.05
0.05263157894736842
0.2
0.05555555555555555
0.03333333333333333
0.2
0.12
0.2
0.0625
0.2
0.1
0.2
0.06896551724137931
0.0625
0.034482758620689655
0.2
0.05
0.2
0.045454545454545456
0.047619047619047616
0.1111111111111111
0.041666666666666664
0.125
0.07692307692307693
0.2
0.2
0.05
0.07692307692307693
0.23076923076923078
0.07142857142857142
0.07142857142857142
0.2
0.058823529411764705
0.2
0.047619047619047616
0.2
0.23076923076923078
0.06666666666666667
0.05555555555555555
0.043478260869565216
0.2
0.05263157894736842
0.058823529411764705
0.05555555555555555
0.06666666666666667
0.07692307692307693
0.038461538461538464
0.05263157894736842
0.07692307692307693
0.041666666666666664
0.13333333333333333
0.047619047619047616
0.25
0.125
0.06666666666666667
0.06666666666666667
0.1
0.375
0.16666666666666666
0.041666666666666664
0.058823529411764705
0.1
0.07692307692307693
0.07692307692307693
0.3333333333333333
0.07692307692307693
0.045454545454545456
0.05555555555555555
0.05555555555555555
0.08333333333333333
0.09090909090909091
0.18181818181818182
0.3333333333333333
0.13043478260869565
0.047619047619047616
0.1
0.1
0.14285714285714285
0.05555555555555555
0.11764705882352941
0.034482758620689655
0.07142857142857142
0.08333333333333333
0.05263157894736842
0.07142857142857142
0.2
0.09090909090909091
0.07692307692307693
0.1111111111111111
0.047619047619047616
0.17647058823529413
0.047619047619047616
0.05263157894736842
0.07142857142857142
0.07142857142857142
0.058823529411764705
0.3076923076923077
0.18181818181818182
0.2
0.09090909090909091
0.11764705882352941
0.16666666666666666
0.058823529411764705
0.06666666666666667
0.09090909090909091
0.18181818181818182
0.23809523809523808
0.0625
0.125
0.058823529411764705
0.07142857142857142
0.045454545454545456
0.045454545454545456
0.041666666666666664
0.058823529411764705
0.047619047619047616
0.05
0.08333333333333333
0.12
0.058823529411764705
0.03571428571428571
0.047619047619047616
0.04
0.14285714285714285
0.11538461538461539
0.1
0.1
0.1
0.1111111111111111
0.05555555555555555
0.09090909090909091
0.25
0.07692307692307693
0.09090909090909091
0.13333333333333333
0.1
0.2
0.125
0.14285714285714285
0.14285714285714285
0.14285714285714285
0.1
0.08695652173913043
0.04
0.16666666666666666
0.09090909090909091
0.16666666666666666
0.04
0.047619047619047616
0.047619047619047616
0.06666666666666667
0.09523809523809523
0.25
0.16666666666666666
0.05
0.09523809523809523
0.05
0.16666666666666666
0.05263157894736842
0.06666666666666667
0.3333333333333333
0.043478260869565216
0.1111111111111111
0.09090909090909091
0.08333333333333333
0.14285714285714285
0.037037037037037035
0.05
0.2
0.25
0.1
0.14285714285714285
0.09090909090909091
0.05555555555555555
0.2
0.1
0.09090909090909091
0.045454545454545456
0.14285714285714285
0.03571428571428571
0.1
0.1111111111111111
0.08333333333333333
0.1875
0.1111111111111111
0.4
0.1111111111111111
0.19047619047619047
0.1
0.14285714285714285
0.16666666666666666
0.25
0.16666666666666666
0.07142857142857142
0.07692307692307693
0.1111111111111111
0.1
0.1111111111111111
0.2
0.2727272727272727
0.25
0.08333333333333333
0.07407407407407407
0.06666666666666667
0.11764705882352941
0.25
0.16666666666666666
0.2
0.1111111111111111
0.09090909090909091
0.0625
0.25
0.2222222222222222
0.041666666666666664
0.1
0.06666666666666667
0.06666666666666667
0.05
0.058823529411764705
0.09090909090909091
0.07692307692307693
0.21428571428571427
0.1
0.05263157894736842
0.25
0.2
0.043478260869565216
0.04
0.14285714285714285
0.1
0.5555555555555556
0.09090909090909091
0.09523809523809523
0.15
0.07407407407407407
0.06666666666666667
0.04
0.07692307692307693
0.15384615384615385
0.10714285714285714
0.15
0.13636363636363635
0.05555555555555555
0.045454545454545456
0.125
0.14285714285714285
0.125
0.05
0.15789473684210525
0.14285714285714285
0.09523809523809523
0.03333333333333333
0.043478260869565216
0.1111111111111111
0.1
0.1111111111111111
0.05
0.13043478260869565
0.11764705882352941
0.045454545454545456
0.14285714285714285
0.1111111111111111
0.08
0.07407407407407407
0.25
0.08333333333333333
0.16666666666666666
0.10526315789473684
0.07142857142857142
0.041666666666666664
0.058823529411764705
0.25
0.09090909090909091
0.1111111111111111
0.5
0.4
0.05555555555555555
0.2222222222222222
0.038461538461538464
0.375
0.07692307692307693
0.14285714285714285
0.08333333333333333
0.2727272727272727
0.2
0.047619047619047616
0.0625
0.041666666666666664
0.14285714285714285
0.15
0.06666666666666667
0.14285714285714285
0.1
0.07142857142857142
0.07142857142857142
0.05263157894736842
0.25
0.2
0.09090909090909091
0.09090909090909091
0.3333333333333333
0.2
0.038461538461538464
0.0625
0.07692307692307693
0.07142857142857142
0.1
0.11764705882352941
0.2
0.2
0.058823529411764705
0.2
0.0625
0.058823529411764705
0.045454545454545456
0.16666666666666666
0.11764705882352941
0.05263157894736842
0.14285714285714285
0.2
0.09090909090909091
0.05555555555555555
0.08
0.1111111111111111
0.13333333333333333
